[['factor 33', 9], ['factor 56', 7], ['factor 60', 7], ['factor 62', 7], ['factor 1', 6], ['factor 3', 6], ['factor 15', 6], ['factor 16', 6], ['factor 20', 6], ['factor 31', 6], ['factor 44', 6], ['factor 46', 6], ['factor 52', 6], ['factor 61', 6], ['factor 51', 6], ['factor 40', 6], ['factor 8', 5], ['factor 11', 5], ['factor 18', 5], ['factor 24', 5], ['factor 27', 5], ['factor 28', 5], ['factor 32', 5], ['factor 57', 5], ['factor 58', 5], ['factor 9', 5], ['factor 23', 5], ['factor 30', 5], ['factor 14', 5], ['factor 2', 5], ['factor 5', 4], ['factor 13', 4], ['factor 17', 4], ['factor 21', 4], ['factor 25', 4], ['factor 29', 4], ['factor 42', 4], ['factor 49', 4], ['factor 50', 4], ['factor 34', 4], ['factor 35', 4], ['factor 37', 4], ['factor 54', 4], ['factor 4', 4], ['factor 12', 4], ['factor 19', 3], ['factor 22', 3], ['factor 26', 3], ['factor 45', 3], ['factor 55', 3], ['factor 41', 3], ['factor 48', 3], ['factor 59', 3], ['factor 63', 3], ['factor 6', 2], ['factor 7', 2], ['factor 38', 2], ['factor 39', 2], ['factor 10', 2], ['factor 43', 2], ['factor 53', 2], ['factor 36', 1], ['factor 47', 1]]

[1, 3, 5, 6, 7, 8, 11, 13, 15, 16, 17, 18, 19, 20, 21, 22, 24, 25, 26, 27, 28, 29, 31, 32, 33, 36, 38, 39, 42, 44, 45, 46, 49, 50, 52, 55, 56, 57, 58, 60, 61, 62]

[1, 9, 15, 16, 18, 20, 21, 22, 23, 24, 28, 30, 31, 33, 34, 44, 46, 55, 56, 62]

[3, 11, 13, 14, 24, 27, 28, 31, 35, 37, 50, 51, 52, 56, 60, 62]

[1, 8, 9, 11, 20, 21, 25, 29, 33, 40, 42, 51, 54, 57]

[1, 2, 3, 4, 5, 6, 8, 9, 10, 12, 14, 15, 16, 17, 18, 19, 20, 22, 24, 26, 27, 28, 29, 30, 31, 32, 33, 37, 40, 41, 42, 44, 45, 46, 47, 48, 49, 52, 54, 56, 57, 59, 60, 61, 63]

[1, 2, 3, 4, 5, 11, 12, 14, 15, 17, 20, 21, 23, 25, 27, 29, 30, 31, 33, 34, 35, 40, 41, 43, 44, 46, 50, 51, 52, 53, 54, 56, 58, 60, 61, 62, 63]

[2, 4, 5, 8, 9, 11, 12, 14, 15, 16, 18, 23, 24, 25, 26, 27, 28, 30, 32, 33, 35, 37, 38, 39, 40, 41, 44, 45, 46, 48, 49, 50, 51, 52, 54, 57, 58, 59, 60, 61, 62]

[3, 7, 13, 14, 16, 23, 32, 33, 37, 40, 51, 52, 56, 58, 63]

[1, 2, 3, 4, 9, 10, 12, 13, 15, 16, 17, 18, 19, 23, 30, 31, 32, 33, 34, 40, 44, 46, 48, 49, 53, 55, 56, 57, 58, 60, 61, 62]

[2, 8, 20, 33, 34, 35, 42, 43, 51, 59, 60, 61, 62]