同一个setting下（lambda = 0.05, sigma1=0.1, sigma2 = 0.01）跑十遍,生成十组参数，threshold设为0.3，每个factor被认为是useful的次数（有一个weight大于threshold）：
[['factor 60', 10], ['factor 12', 9], ['factor 31', 9], ['factor 59', 9], ['factor 58', 9], ['factor 3', 8], ['factor 17', 8], ['factor 34', 8], ['factor 42', 8], ['factor 57', 8], ['factor 28', 8], ['factor 36', 8], ['factor 1', 7], ['factor 8', 7], ['factor 19', 7], ['factor 20', 7], ['factor 41', 7], ['factor 43', 7], ['factor 47', 7], ['factor 48', 7], ['factor 52', 7], ['factor 54', 7], ['factor 5', 7], ['factor 16', 7], ['factor 33', 7], ['factor 38', 7], ['factor 51', 7], ['factor 6', 6], ['factor 35', 6], ['factor 61', 6], ['factor 13', 6], ['factor 14', 6], ['factor 26', 6], ['factor 40', 6], ['factor 45', 6], ['factor 46', 6], ['factor 9', 6], ['factor 11', 6], ['factor 32', 6], ['factor 4', 5], ['factor 10', 5], ['factor 24', 5], ['factor 25', 5], ['factor 63', 5], ['factor 7', 5], ['factor 39', 5], ['factor 56', 5], ['factor 62', 5], ['factor 22', 4], ['factor 23', 4], ['factor 44', 4], ['factor 55', 4], ['factor 15', 4], ['factor 21', 4], ['factor 37', 4], ['factor 49', 4], ['factor 50', 4], ['factor 30', 4], ['factor 53', 4], ['factor 27', 4], ['factor 18', 4], ['factor 29', 4], ['factor 2', 2]]

第一组参数中被认为是useful的factor：
[1, 2, 3, 4, 6, 8, 10, 12, 17, 19, 20, 22, 23, 24, 25, 31, 34, 35, 41, 42, 43, 44, 47, 48, 52, 54, 55, 57, 59, 60, 61, 63]
第二组参数中被认为是useful的factor：
[1, 5, 6, 7, 8, 12, 13, 14, 15, 16, 17, 21, 24, 26, 28, 31, 33, 34, 35, 36, 37, 38, 39, 40, 42, 43, 45, 46, 47, 48, 49, 50, 51, 52, 54, 55, 58, 59, 60]
以此类推第三组：
[1, 3, 5, 7, 9, 11, 12, 13, 14, 15, 16, 17, 19, 20, 24, 25, 26, 28, 30, 31, 32, 33, 34, 36, 38, 41, 42, 44, 45, 46, 47, 48, 49, 50, 51, 52, 53, 54, 56, 57, 58, 59, 60, 63]
第四组：
[1, 3, 4, 6, 9, 11, 12, 15, 16, 17, 22, 23, 25, 27, 28, 31, 32, 33, 34, 35, 38, 39, 40, 43, 44, 45, 46, 47, 52, 54, 56, 57, 58, 60, 61, 63]
第五组：
[1, 3, 4, 5, 6, 8, 9, 10, 11, 12, 13, 14, 16, 17, 18, 19, 20, 22, 23, 25, 26, 27, 28, 29, 30, 31, 33, 34, 35, 36, 37, 38, 39, 41, 42, 43, 44, 48, 51, 52, 53, 56, 57, 58, 59, 60, 61, 62]
第六组：
[5, 8, 9, 10, 12, 13, 19, 20, 22, 26, 32, 34, 36, 40, 41, 43, 46, 47, 52, 58, 59, 60, 61, 62]
第七组：
[3, 5, 6, 7, 8, 9, 13, 14, 16, 17, 18, 20, 21, 27, 28, 29, 31, 32, 33, 34, 36, 40, 41, 42, 43, 45, 46, 47, 48, 49, 50, 51, 53, 54, 56, 57, 58, 59, 60, 62]
第八组：
[1, 2, 3, 4, 7, 8, 10, 11, 12, 13, 14, 17, 18, 19, 20, 21, 24, 27, 28, 29, 30, 31, 33, 34, 35, 36, 37, 38, 39, 40, 41, 42, 45, 46, 48, 51, 52, 54, 55, 57, 58, 59, 60, 61, 62, 63]
第九组：
[1, 3, 5, 6, 8, 11, 12, 14, 15, 16, 17, 18, 19, 20, 21, 23, 25, 26, 28, 29, 30, 31, 32, 33, 35, 36, 37, 38, 41, 42, 45, 47, 48, 49, 50, 51, 53, 54, 55, 56, 57, 58, 59, 60, 62, 63]
第十组：
[3, 4, 5, 7, 9, 10, 11, 12, 16, 19, 24, 26, 28, 31, 32, 36, 38, 39, 40, 42, 43, 51, 57, 58, 59, 60, 61]