[['factor 12', 8], ['factor 57', 8], ['factor 17', 7], ['factor 60', 7], ['factor 3', 6], ['factor 20', 6], ['factor 31', 6], ['factor 52', 6], ['factor 59', 6], ['factor 5', 6], ['factor 16', 6], ['factor 34', 6], ['factor 42', 6], ['factor 51', 6], ['factor 1', 5], ['factor 8', 5], ['factor 48', 5], ['factor 61', 5], ['factor 33', 5], ['factor 13', 5], ['factor 41', 5], ['factor 58', 5], ['factor 62', 5], ['factor 10', 4], ['factor 24', 4], ['factor 43', 4], ['factor 6', 4], ['factor 15', 4], ['factor 35', 4], ['factor 36', 4], ['factor 40', 4], ['factor 50', 4], ['factor 56', 4], ['factor 63', 4], ['factor 4', 4], ['factor 54', 4], ['factor 14', 4], ['factor 18', 4], ['factor 25', 3], ['factor 47', 3], ['factor 55', 3], ['factor 21', 3], ['factor 28', 3], ['factor 26', 3], ['factor 38', 3], ['factor 46', 3], ['factor 9', 3], ['factor 27', 3], ['factor 19', 3], ['factor 29', 3], ['factor 37', 3], ['factor 7', 3], ['factor 2', 2], ['factor 22', 2], ['factor 23', 2], ['factor 11', 2], ['factor 30', 2], ['factor 44', 2], ['factor 39', 2], ['factor 32', 2], ['factor 49', 2], ['factor 53', 2], ['factor 45', 1]]

[1, 2, 3, 8, 10, 12, 17, 20, 22, 23, 24, 25, 31, 43, 47, 48, 52, 55, 57, 59, 61]

[5, 6, 12, 15, 16, 17, 21, 28, 33, 34, 35, 36, 40, 42, 48, 50, 51, 52, 55, 59]

[1, 3, 5, 11, 12, 13, 15, 16, 17, 20, 24, 25, 26, 28, 30, 31, 34, 38, 41, 42, 44, 45, 46, 48, 50, 51, 56, 57, 58, 60, 63]

[1, 3, 4, 6, 9, 12, 15, 16, 17, 22, 27, 33, 34, 44, 46, 47, 52, 54, 56, 57, 60, 61, 63]

[1, 3, 4, 5, 8, 9, 10, 12, 13, 14, 16, 17, 18, 19, 20, 23, 25, 26, 27, 29, 30, 31, 34, 35, 36, 37, 38, 39, 41, 42, 48, 51, 52, 56, 57, 60, 61, 62]

[5, 8, 13, 19, 36, 40, 43, 52, 58, 59, 60, 62]

[3, 6, 7, 8, 9, 13, 14, 16, 18, 20, 27, 28, 31, 32, 33, 34, 41, 42, 43, 47, 49, 50, 51, 53, 54, 57, 58, 59, 60, 62]

[1, 2, 4, 7, 8, 10, 12, 13, 14, 17, 18, 20, 21, 24, 29, 31, 33, 34, 35, 36, 37, 40, 41, 42, 46, 52, 54, 57, 58, 59, 60, 61, 62, 63]

[5, 6, 11, 12, 14, 15, 16, 17, 18, 20, 21, 26, 29, 31, 32, 33, 35, 37, 41, 42, 48, 49, 50, 51, 53, 54, 55, 56, 57, 59, 60, 62, 63]

[3, 4, 5, 7, 10, 12, 19, 24, 38, 39, 40, 43, 51, 57, 58, 61]